-----------------------------
|      |      |      |      |
| 2048 | 2048 | 2048 | 2048 |
|      |      |      |      |
-----------------------------
|      |      |      |      |
| 2048 | 2048 | 2048 | 2048 |
|      |      |      |      |
-----------------------------
|      |      |      |      |
| 2048 | 2048 | 2048 | 2048 |
|      |      |      |      |
-----------------------------
|      |      |      |      |
|    2 | 2048 | 2048 | 2048 |
|      |      |      |      |
-----------------------------

Score: 1422734





